9182
2543
175
5836
6171
3906
6821
4243
2016
3761
7328
4669
1156
246
6062
-667
620
5039
402
7642
2715
4583
9743
5410
433
3532
6680
5407
5708
-720
9664
1416
499
2010
8565
3828
3809
6982
5409
-68
5959
7913
9134
6376
5524
8383
2732
8240
8227
3355
1145
4672
7455
-502
-583
3598
2801
4765
4403
1639
7227
413
8535
1735
4098
4911
3169
9146
1681
1234
5524
3638
9631
-531
682
4803
5450
2367
9886
2050
-200
8441
7181
1353
8136
3991
3962
1
1593
3967
27
9044
1579
2769
2706
4545
9378
6399
1278
-388
4213
3587
5559
5993
7832
7507
5042
6985
8816
4615
8149
-566
4880
1352
839
8787
3233
6182
3599
-894
-51
2168
6552
7715
207
6480
1059
5861
6764
6138
5425
9051
88
9273
7838
6214
1882
187
3522
-371
8949
6977
1186
6978
5818
-407
3164
-774
929
3920
311
2196
1800
1171
9664
1045
7035
7844
4786
351
5448
9181
-780
1677
9191
9099
9346
5607
3515
4626
5905
2046
1660
2970
158
2972
-18
9574
896
-387
2316
832
3932
1844
4827
2229
6251
8918
9610
5793
9179
4038
5401
2170
4181
9768
6756
9509
7788
6720
247
7558
5712
6304
8016
8266
-465
8831
12
5691
62
7461
5948
4172
8035
3616
4249
7377
6851
5962
1847
-573
5997
7722
5447
866
6645
9490
8789
391
6216
474
786
4176
9367
4758
5120
7628
3828
6561
1693
7421
7905
2918
4730
718
8090
229
4135
-435
4518
9380
1657
826
3873
-181
560
7990
-144
6149
620
46
-959
9622
9476
9589
5674
771
4806
2276
8496
6621
2548
-710
3268
4427
1523
2079
1992
3729
2777
5416
4354
8224
5873
6837
8817
9961
-697
8547
3198
7131
6772
7680
4941
647
7379
8283
3443
5141
5044
6319
5423
858
1070
7898
5831
1367
7558
9446
8297
8481
4998
6128
2372
5205
5692
818
2749
1638
-228
5714
467
6259
9079
365
9850
4869
4349
1621
7048
3240
8636
6851
8685
6459
9993
2495
6153
7975
5
6450
1402
-142
-750
4717
1132
-357
4308
9736
4955
5561
4534
804
4369
9330
4851
9165
1780
-295
8048
-38
7018
4936
1398
4056
9846
8147
7443
5914
5212
2196
4665
4774
632
3322
3312
-391
6009
3361
9233
9206
-440
4613
6667
487
8707
6831
1482
9356
607
-172
-285
5448
9928
-957
9433
6466
8460
5194
4872
2985
2201
8395
3524
1758
-105
9760
-828
46
5017
4241
2155
8419
472
8842
-599
1404
8270
-90
5350
2014
5665
8087
4306
4384
1481
9218
4847
589
3890
6846
1149
-185
8490
5247
6005
1166
89
3908
-408
8947
6659
435
3338
6366
7674
1296
3976
85
9643
7028
8197
7550
9844
1858
7321
4114
3089
9140
-724
678
3913
8584
6157
8172
2092
1339
9930
5225
1837
8235
314
3361
-682
6403
5355
4229
3749
7940
6711
-815
4242
3762
946
6862
8650
3600
-29
5632
7927
890
8078
950
3632
8915
4034
8076
4278
5167
3274
5334
1366
8751
8248
407
5713
3835
7231
2440
6503
2091
-635
5149
1428
-909
6436
-849
6637
9296
9522
8493
368
3298
7299
-53
-843
9365
9730
404
1369
7280
9951
8582
3666
377
7819
5492
5514
-461
148
3815
6369
7531
9129
4835
524
1929
9522
3541
1478
3883
439
4983
5646
4782
3965
8069
451
7300
249
6349
4106
5827
71
9224
2141
783
482
51
1272
-56
3637
6097
8147
4706
1123
2837
4169
1464
9424
7229
9844
5189
8926
7486
5841
3967
1936
8885
6412
9750
4040
8214
9290
3800
9710
-459
6460
9906
1693
9741
446
8470
1268
533
-754
4342
6837
-61
2658
128
2900
8987
7877
3021
6505
8918
6902
2585
2383
8174
8848
1598
3640
1523
5905
5424
6808
3346
4997
582
6378
4263
9772
9683
5783
373
2920
7393
7240
499
7131
997
5227
5284
5849
5054
-664
5269
7296
-208
2640
2874
6523
3520
-107
8848
3830
9746
4629
3823
7534
2491
4942
1075
3751
8637
9216
8195
7239
5132
4997
9509
5346
884
43
6850
6372
8356
5674
-150
5087
539
6051
4205
7943
2504
7741
5251
8789
6935
6543
3174
1763
2417
2965
3639
6055
3151
532
7213
5839
1142
8030
1163
4795
3131
7528
4639
2477
3043
1476
5474
3072
3779
8736
5995
6441
-263
3133
247
-104
2964
9407
-696
8589
822
6745
1928
7919
6404
-205
2220
6824
8461
4011
2944
2509
3887
9410
3812
4976
2102
1774
4745
4458
69
-898
7985
3681
6970
7199
5317
-983
-715
6316
1875
1736
7726
2575
2973
6386
4600
6720
6074
2248
9256
8651
4611
9768
4791
2486
1553
327
9322
5271
7795
190
3661
4846
7520
720
8761
8247
-51
9205
4478
2203
6538
1145
1136
208
4783
312
5437
7426
-624
5383
5700
1497
5202
1418
4491
8218
8891
3483
4645
3989
-304
4014
8522
684
8075
1879
5056
1252
7626
6353
5770
6869
7770
6053
1113
2466
7632
3583
7704
241
4891
895
4895
1412
4490
1163
9644
5101
6229
-458
9357
6466
3560
-511
1506
1523
2623
-549
2133
1903
5256
3184
9801
3023
9613
8832
3727
9150
-695
1025
-414
4307
5780
3404
9099
8801
9120
6110
6195
5911
2236
9955
5024
7083
6996
9304
2309
7281
3546
9591
9843
7180
449
4800
4985
706
1094
871
1799
5658
7436
-506
4796
4203
9957
4049
-315
-845
390
2706
2403
6514
3257
6222
9668
5302
8160
1718
6028
-692
5523
6447
4603
-285
1183
2406
2858
-20
8419
7392
6706
7248
3310
-464
8476
1741
4159
-180
7126
1946
8619
2153
5890
-160
6187
2328
2923
4227
5132
9684
2546
9377
4844
1491
-865
-11
4891
4080
2020
6551
191
9706
737
2999
6000
5156
2204
2721
7747
6927
143
7340
4592
3082
690
2370
-444
3763
3529
8855
9484
8632
4848
8736
3845
7330
1404
818
-600
7486
6850
-922
7800
-425
755
8913
415
1891
3840
30
-877
-799
6480
8206
8541
5207
3785
761
-199
6765
-568
128
-449
3166
7067
1560
3857
2001
9154
8671
2751
386
2320
-740
-924
64
9540
4016
1327
1777
954
7666
9924
2498
8731
9282
1151
6642
-805
8638
2545
-358
17
2636
7054
5722
9527
3634
2508
9195
4055
8415
2737
5170
7279
8738
6882
6219
8130
7476
5667
9769
9435
8024
4811
1766
204
7054
4435
7786
-592
7215
1806
-484
5126
2109
-632
9685
2207
3354
538
4906
507
2132
7722
2540
3928
3753
5220
9993
1399
4932
8513
1719
1970
2776
207
1993
7825
4287
4517
1473
9199
4723
8787
6840
5608
2221
-956
4170
8369
7198
3012
3775
5938
-239
8261
6303
-698
1270
7839
6452
833
4442
5386
4477
8703
-914
7546
1349
902
7376
859
7921
8837
9065
5707
5785
3346
-119
6932
707
3709
49
624
4202
920
3737
5782
1209
4515
3904
1691
5554
6449
8066
-361
3756
9337
3309
8138
5522
4676
7696
2268
-7
5338
5092
4939
6874
4054
1476
1957
9421
4339
6131
1743
-217
2818
183
2557
3965
3305
5336
6834
6998
4685
5305
471
-229
8425
951
6448
-964
1744
410
6032
6014
7782
-370
8865
5829
8799
8909
7155
2038
946
2270
215
-683
5323
9856
-63
8153
-248
3172
1216
9340
-139
5270
5308
-968
3620
4168
8449
2103
5029
1921
6676
2928
-901
5729
2001
2187
1319
6729
5167
4396
8182
3795
5051
1414
4090
154
4448
8570
13
8295
9284
8573
9194
6692
5152
1512
4323
8832
1208
3631
-541
4052
7010
9026
5595
7287
-783
9594
6854
7750
5834
3024
8005
6820
158
6066
-782
2893
4943
2466
9720
9880
1089
6734
2637
8104
3734
2408
-423
-511
7865
2488
4520
536
3937
3129
6786
6026
5820
6803
-64
4855
715
2264
1461
5260
-433
1373
5534
9087
1293
429
2889
8743
3911
-420
1962
-725
5388
7492
2553
6810
9017
6365
9886
2346
8505
6468
1883
7029
9281
3193
7074
8141
1529
3865
8165
8826
4273
7377
7536
1360
6874
490
8196
6435
9599
5777
6625
3356
167
6510
-363
8328
3250
3126
5839
4351
2378
9116
6756
3099
9491
8506
9807
8101
3355
4749
6213
-954
1416
3137
5003
8011
9957
192
9937
7526
8169
2450
2747
1727
9844
8528
5862
1770
2555
8747
3890
8404
8026
2813
5447
5158
-379
3436
1870
8369
684
-905
2080
3850
9564
6579
939
7030
507
1626
8372
2058
3190
8313
6182
9929
5368
4029
3256
-38
1644
7036
4545
4609
-142
7810
1020
8603
7690
9845
7390
5520
8322
567
5841
8073
-630
8897
2163
2265
6588
8832
262
-72
-626
832
4213
9714
6632
5519
9790
5593
-821
908
5724
3648
4550
7471
2992
753
4558
2337
9341
663
4237
1851
3736
1622
1472
8109
9559
6472
865
-9
3375
2813
5774
3616
4234
9026
2597
1307
971
1171
-945
797
5341
6414
4844
1192
2523
1899
4904
410
7707
3251
9492
9600
5692
7524
7097
1590
7241
8523
5961
2317
3728
9188
7534
1911
7875
-67
2236
3967
8157
2250
365
7169
607
2439
6511
7323
6779
-720
4586
6659
567
-545
2284
-877
3321
6175
7924
6711
929
6
4067
2449
5211
6738
7070
6153
8881
1932
3317
1589
9664
-63
2253
4457
1886
1322
7992
2253
13
9774
4812
6961
2936
9302
749
3273
5904
7410
8591
700
2009
5526
2037
7151
8184
7917
958
3870
5370
-643
8443
3847
5963
1996
6995
-370
7202
7828
7238
998
8183
4671
5698
1155
5194
7106
9513
5909
4988
2796
-751
470
3342
1617
9580
3137
7900
5103
6274
3969
-636
3122
6883
-345
330
-35
-2
-60
1306
119
6071
8076
-828
6592
2517
7338
9829
-118
956
77
8404
5049
8882
1573
-892
6973
-496
3345
2417
2858
1731
1098
554
2268
634
4061
7789
5042
-176
4229
6108
8573
3602
3869
6726
1173
298
6750
9100
1241
3309
7018
3147
5196
5566
4315
4240
4309
-454
3358
-540
6653
7524
8449
8389
3973
6521
6905
4958
8457
9550
3786
-943
6727
3970
9832
447
4013
4848
7935
5675
2755
4245
175
9549
4713
7952
5359
6703
6319
9822
2480
4495
6467
3769
9455
48
5153
5480
1752
4652
3393
792
-357
1692
9523
6961
6420
226
5734
2868
-773
9461
1611
7684
6706
1407
6348
8901
2675
6022
162
-799
8639
8636
6070
9292
2591
1958
4515
8784
5294
8533
2096
2283
1281
962
3602
8483
-975
7753
531
4132
-31
2450
9594
3019
1883
8783
7063
7047
3700
6253
1804
5731
3489
3192
2153
1008
5623
-769
3369
3462
5711
6951
7575
694
6365
9329
5403
4743
7806
7866
8875
4923
4490
6031
9233
5189
9042
2051
6408
3808
4895
7468
4083
9042
5728
6365
8794
8089
8809
1593
1860
9794
3383
7070
8421
3018
4875
7900
6654
2555
2379
1319
9241
5835
7378
6882
240
7459
3959
6965
1967
2571
2824
9562
8567
8243
1868
8534
4966
10000
-465
7314
5935
5213
5005
9082
539
7421
7610
5214
-687
141
5397
2853
428
2575
8228
8248
663
8846
5125
334
3130
844
9626
9289
5970
3822
8503
-822
150
6342
1933
6654
2019
5066
5385
3028
-170
8297
5343
2819
9850
8745
6651
825
7175
9972
8133
4991
-985
3620
6870
6120
3875
9202
3184
4091
5587
5716
2112
6717
8918
7432
4063
2972
8209
8743
-167
5363
7191
4199
7418
2367
2503
1305
484
4385
4193
7801
1114
5998
5690
2512
-838
6531
9472
5813
1778
2818
881
294
7441
4114
5184
8626
3902
1418
3681
2678
2617
8432
9139
1769
7801
4816
6203
3503
2617
1570
7717
8799
9898
7787
3602
6114
27
5406
7269
7533
3501
1395
5964
7016
3481
5896
6758
2303
7183
3878
7404
9067
-297
514
4183
2682
6860
2920
4712
4346
-673
4969
2196
-792
5102
2083
396
9655
-488
9071
7598
8496
4149
6149
9178
222
1467
1122
8288
904
8058
2900
6320
8740
4167
8650
8095
8383
2604
-81
9255
7108
-306
1922
7205
8532
9199
5756
913
398
4500
7104
1791
8113
6280
8908
3917
3555
1336
2960
214
4737
4632
2807
6288
6428
8649
3457
5042
6452
3988
2013
6051
9593
9816
-510
7802
1226
8944
-355
1024
5712
-791
6890
6405
-46
109
8208
1459
5259
3732
3539
6046
9644
9705
3517
1475
6887
5635
-223
9884
4741
-286
4462
6410
1486
53
2198
8297
5789
105
1690
4612
691
936
4503
4528
7743
6403
5334
5319
-559
998
9783
1719
-551
5967
6407
9888
5298
8016
-85
5592
8166
-238
6283
4997
4747
-520
3919
9901
7911
9911
5670
4153
1041
8928
4355
7708
4201
8990
3733
-516
-700
4459
9442
2743
-69
1742
5961
5519
3646
2310
1998
7774
-810
6099
6446
-72
4653
9507
9781
7262
1483
5433
7408
-470
5328
4629
-323
521
612
8700
4686
6309
3282
-569
5292
2707
320
2540
4065
2005
3520
8401
5255
4600
6913
7896
3963
4943
1481
3427
2054
4695
9210
6471
8001
3867
7051
8911
7415
5303
1064
4439
3907
4947
7624
5690
3492
9760
-193
2739
9608
1112
4441
6775
2742
3083
-822
1807
2618
7432
-334
4735
9040
7185
5645
9992
7099
6812
1430
424
5657
1409
5125
8763
-60
9081
3494
-693
6977
222
3404
4203
4136
8743
3819
-59
-746
1434
2729
3917
3689
4243
5292
9984
4636
6330
5399
6722
9302
7633
8591
6680
7329
9384
7082
7198
5988
5678
5834
3661
9590
9871
4831
1396
3028
5463
-401
-703
2366
4703
9738
4665
3083
7514
6735
413
6117
5142
3126
3611
2681
6772
6
9344
1632
6724
6875
4752
660
6621
3954
3576
5600
9068
4327
3818
9412
2896
5955
9174
5730
5102
3356
3598
7896
2926
2597
9816
1648
5669
80
-155
1552
1222
-20
1817
8865
5488
9764
6304
8589
4847
8637
5745
-251
5161
9065
4015
2186
1916
1002
2221
9187
3953
7882
7580
2416
6408
448
8707
3127
7059
2104
4992
5540
3108
1024
3377
8088
1510
4954
2924
3132
9652
-415
-117
6466
7611
2849
1735
3861
8582
6630
9732
3666
7860
659
7599
3341
2400
9402
1456
4040
57
2176
529
1743
2644
-796
6641
3136
4687
5928
-324
6963
8079
9089
9535
3367
6998
114
4806
2559
8714
3845
4545
-572
2372
326
7681
1449
3425
-964
4687
2108
2498
8885
2074
6475
9056
8141
2821
7407
6209
8599
9175
1654
5954
1769
5588
8772
1124
3232
6343
1286
3596
8897
5326
6213
7632
101
9371
1318
1524
4191
9712
4651
241
7568
3464
9195
6014
2059
4312
8858
7293
7399
6351
-886
4671
1891
3475
-398
4738
8909
-675
-807
2693
2400
8513
3602
2558
5862
8844
7955
8770
502
4882
1017
8888
3523
412
8387
8306
6394
1757
9065
8920
7485
3994
6197
1546
5212
542
4740
6626
8769
6581
2615
3865
9518
957
7841
9055
9863
5636
-848
3216
6358
-912
5790
1516
4333
227
147
478
5089
1297
8345
6152
261
273
5209
8407
1316
1055
7347
4319
3103
328
-999
3922
1267
7153
9370
1566
2572
9333
8444
-243
1605
4849
1562
7397
8204
3680
7213
3984
-605
3262
537
6471
8237
6464
2604
8245
5749
9435
6738
7807
8290
4833
-888
5029
-913
868
-751
7181
858
8581
7907
5756
2853
7587
3546
5413
8711
7812
-798
7637
3843
2363
3924
9842
9792
2530
5686
4804
3548
124
5818
3137
1594
-363
1467
6772
4736
6534
7309
6336
3430
-968
2125
814
5355
4781
2617
-351
1917
7192
9534
7937
9232
9102
2963
4927
-91
-730
5238
6558
5182
4446
2632
-267
1763
3769
3162
2216
5119
6775
-324
1177
-497
2867
3206
3811
-763
2109
3487
4010
9913
5037
1886
6357
591
7881
3906
2493
6674
6541
5862
4465
296
-249
154
8985
6400
1392
9052
585
619
-599
4530
5143
6515
7357
7434
5364
4895
9153
4690
7801
5784
227
6645
-855
1559
6275
9143
3882
9864
-332
5543
8579
-88
5211
-120
9752
1713
4221
7411
7846
3057
1901
2391
9512
-494
6744
9843
3234
-553
8542
7598
7521
850
8062
8682
-931
3107
8
6426
-875
2249
4169
722
-50
3858
5952
4230
303
6477
7683
2651
-326
742
6845
3743
2882
7837
7134
9639
4816
6432
4908
3435
321
2071
8023
6728
1851
6530
-189
5645
704
7796
7285
4596
8889
179
1441
4653
3554
1513
8540
6758
1764
4891
6923
5778
4006
3318
4799
1233
5973
370
610
2693
7341
-267
-599
7879
5836
9224
1379
3773
5665
1037
947
1879
3458
1248
4855
1703
5395
1480
5084
2302
7893
8151
671
5430
5148
1244
1721
8534
730
8579
9672
-666
6185
3591
7255
8155
-223
3562
8818
4331
-867
3766
92
-274
2944
4044
1320
1758
8463
2095
5838
3493
5286
8308
4801
9191
9063
3971
1730
3591
6503
2846
2042
7087
1366
612
5694
9867
3993
6700
926
833
2662
-247
2169
3127
7058
-56
1486
104
9925
9964
-930
8636
1741
5179
4048
7878
8791
8065
9093
5807
831
4227
7828
6288
723
3006
8361
1331
8350
1453
7765
762
169
4004
-170
4532
5139
673
1133
8119
1484
626
3666
6540
2775
3407
4345
6188
6565
7816
75
5929
7608
5119
-998
8436
1926
5881
1403
3051
1583
-845
1754
7471
1198
8309
7466
7737
4348
9517
1739
7117
5931
-26
3322
-796
-440
288
2512
7316
8661
1172
4766
-467
378
836
3154
5051
4002
1394
1606
9258
9271
8082
5535
1328
8873
6196
4341
4467
5942
6609
839
7048
5077
2958
9998
6634
796
9798
7876
637
2368
4087
4390
-589
4389
1220
6093
-638
4154
1415
2734
1954
6910
2481
7847
7850
4439
994
332
3364
5947
8046
374
1052
-667
7719
4457
7420
838
6521
3254
4205
3519
-31
5889
4183
2691
5124
6939
6652
-897
3979
-687
3527
2874
8886
-862
1595
5112
1148
1194
9803
8466
3511
4690
4323
2713
2338
-923
6671
6763
8673
8525
7633
8162
8530
8435
5941
6592
2664
4158
9316
4055
3680
3261
968
7732
6848
8178
448
7580
1861
1308
9690
4326
3451
5740
-993
5279
566
470
-647
5046
-732
9890
430
5455
1680
5366
4345
-550
3197
5003
1448
6990
1879
4748
3785
-751
2722
6591
5866
4160
8630
9091
3902
6365
8835
2307
3710
1790
8428
-338
5026
1194
3805
3270
3787
3791
1831
5513
5052
482
2833
-3
3383
6859
9861
1700
1446
8703
954
9758
1556
3975
4604
5193
6416
177
4987
4065
6621
9373
655
1555
1023
2534
9977
-747
2185
8610
-39
9995
7419
7210
539
4384
327
7633
4708
7044
6505
6135
-140
5008
-165
8670
8107
51
6590
8613
6854
2609
8804
7766
8893
5679
9827
278
8975
-152
6882
9607
9515
2837
7742
960
1339
4347
2435
-780
3865
8784
5470
7944
7561
-514
8513
5648
719
2353
4428
8926
2664
3572
756
7352
191
9653
8318
4861
4557
-951
8658
3859
-839
6898
6620
7024
7266
8876
6330
2760
7616
6370
3748
8070
7140
-141
-796
8407
7167
3179
9559
5621
5421
7956
5943
4943
1081
-610
-231
1687
6030
7575
4663
3815
-874
610
7782
-337
2866
488
8382
1844
6024
668
310
6295
9825
2686
-789
-669
9448
9911
7695
378
-509
2037
8438
1206
-45
676
4942
6876
8106
3643
6731
-959
706
9933
7944
5530
2077
9542
4540
5678
4798
6714
9598
3753
6646
9648
5119
8395
-822
-563
2239
6119
9881
3285
3324
7090
2172
5576
9708
1190
5547
505
3738
1381
3938
268
4588
9892
4743
3682
7254
9906
4371
1016
5580
2777
2439
3685
4561
307
5558
6547
6698
7669
403
-388
-839
7421
5608
-146
2357
6502
9834
2349
-869
3292
1975
7217
9815
5377
4059
5227
2652
5497
2183
2334
747
7864
7705
-454
3650
8487
15
8401
5632
9000
3808
6070
-23
3326
107
7168
3284
3889
325
-248
-929
1022
885
1288
-199
5223
3871
9184
6248
-670
2895
200
4485
8069
8865
1297
9716
5061
6204
3870
5487
433
6718
131
9484
5906
6239
5489
4269
6892
943
8763
4172
1430
2262
9726
5978
5416
9746
8428
3616
831
1152
5301
5104
2608
584
1908
4461
8811
7452
8223
7685
6455
4266
8639
4305
-247
1805
3896
8985
8382
3914
9357
8388
4132
6029
2054
4807
9140
5319
3299
5316
7777
-747
3655
9282
416
5028
5876
4321
3330
28
5459
9441
2720
77
7717
7165
3624
4421
5224
2611
4849
9444
5235
6918
1796
6914
-28
6579
8530
7102
5321
2491
3152
1906
9909
6202
-389
9357
2888
4726
5930
9575
4654
7354
8456
9916
4668
3054
8313
4890
183
3719
-905
-312
-533
8334
4018
6738
6486
3503
4056
9297
5791
6229
4707
1968
5289
-187
169
515
6554
4267
532
-503
6682
5274
3789
7882
8462
1880
1245
6918
8267
2640
5919
602
2395
2463
1439
575
1183
2873
1870
9386
-330
6633
2784
8426
1646
5487
3626
3854
1885
6797
8337
5916
2187
9598
3007
4193
3544
6137
8276
3605
1257
7138
30
2151
-690
3105
9573
1825
8374
9595
9333
2680
1396
1146
9828
-952
1490
5364
5235
1975
8254
7392
4033
469
4304
-998
8416
2798
9457
7247
7031
5046
4598
8265
7129
2533
5603
-368
8116
8542
5914
801
5480
2290
7465
4657
3519
40
9771
2958
1702
8181
-99
5300
5352
3865
2105
9561
7848
-693
4690
5775
2369
127
1564
3286
8082
3132
4017
6294
3446
858
7249
6694
6061
6453
911
742
3005
9647
5484
7375
3028
5498
4545
8850
4144
9298
1913
2263
-573
6042
1785
7808
2852
-861
8432
4353
-274
3178
6575
-613
6023
2476
9513
-156
-68
3208
9240
8899
1953
363
5556
8201
3824
7315
1746
6872
5583
2714
9142
8784
218
754
5867
7405
9073
9441
2842
5921
8022
6559
15
9827
2071
5096
351
-449
5985
3700
7918
-64
-942
3014
-690
9065
-515
3584
2984
5537
7393
559
8771
7012
4036
7791
9170
4269
6609
1108
771
492
-634
2318
-123
5395
-653
5730
5129
8728
5964
1195
-114
882
4797
8206
8726
7204
444
6803
6919
4489
5456
7305
8528
6462
7789
3004
4790
4281
5927
6082
2942
3877
1928
6426
-430
6741
2137
3915
8717
3756
8455
4257
9574
5198
-327
6888
1215
5831
9066
965
2825
9807
4189
6283
5036
2061
3790
3416
7606
6344
-61
-152
1800
9882
8253
6010
8954
8372
7636
985
4067
6529
8086
2163
6034
199
7732
2330
5788
-99
788
8960
5215
3961
2257
3136
9688
5646
390
7509
1950
8721
6310
1373
2817
7607
1456
9692
6946
3663
7934
2844
8196
7081
6899
6297
721
1026
-751
3836
4329
460
7628
6705
4555
979
4634
7839
6625
4117
6322
2308
6982
-874
9035
5346
-781
5713
9347
8428
8744
8041
5385
1125
1967
7945
-236
8134
7063
5960
1415
7662
5397
6554
2179
490
93
9605
6818
837
1972
3617
2067
1828
7342
4625
5862
8070
8046
553
6078
5008
1679
821
5092
6289
5076
5503
3738
6611
215
6500
-224
-336
1702
8661
6912
-573
6947
7545
4253
-386
8895
7510
5455
4127
4973
2556
3784
7342
1082
1694
-913
5510
9883
6407
4982
3575
462
5891
5414
4590
4867
-793
-379
5473
2840
1402
-874
8681
7714
5435
123
-499
6301
5463
6114
4170
5367
-35
315
1520
719
6396
4528
8521
6412
4267
-218
5295
2678
2336
8966
55
1130
9663
4748
8688
6888
9983
286
2570
2429
5103
9629
5648
571
9587
9210
3419
-707
-188
8208
-503
4575
2894
2871
8471
4679
1100
9061
8574
620
3831
5003
4377
6470
-933
8371
6638
-285
7426
7282
5385
9679
7745
9091
5617
6768
8881
6950
6826
5058
6363
5002
1865
4129
8468
5481
8236
5792
6277
3008
4787
-79
1712
950
8598
-901
4251
9178
504
215
1571
2703
1867
2530
1822
-182
6830
3803
7254
703
5798
4151
1235
2516
4258
8830
2137
-752
8002
3586
-865
-154
3439
3417
1495
4464
6967
5795
-507
5518
1517
9703
5445
5610
2486
2659
2135
9336
1306
7650
8652
3432
8538
4574
7211
-364
8687
9197
6693
9769
6962
4003
176
6919
80
725
9265
8450
35
7359
2852
34
3310
736
9187
6095
8707
5625
-971
598
5694
2802
7942
-649
4935
5703
1308
8865
6207
858
5778
7770
9103
-275
8556
7514
8527
8527
4530
761
3394
3685
8301
3947
3798
7617
-878
6801
5387
115
929
2061
9167
5094
3074
3159
6061
-176
984
4378
9417
-600
1242
9177
581
5082
932
2585
2181
672
7569
-820
95
8268
7204
1008
4502
2994
5554
7318
5580
4508
2477
5092
9930
2716
8604
3008
6651
4396
453
7703
6543
-849
1345
2994
1442
9124
2366
8717
5685
6538
3620
3715
2547
749
965
-102
7891
1065
8658
2066
4270
3666
8798
3909
6923
6151
9248
7865
6479
7924
5934
7785
-782
9866
2638
-57
5923
3209
9567
5379
-372
6838
632
9043
-113
8763
1545
8180
751
7705
5118
4585
5739
8387
2432
1876
354
7436
6072
5292
9876
4501
1238
7762
-397
5836
3496
2681
8112
21
3976
3681
1499
2279
1438
7433
2033
9755
3022
8160
3606
68
6114
8774
1805
349
1045
832
6434
-239
9589
8487
7138
3274
5503
5128
4599
2871
8440
4051
4266
8864
-932
-271
2729
437
2086
2460
5949
4999
9843
600
3414
7912
686
8808
8387
2464
4957
9255
3791
1664
6248
7350
432
5489
6543
8225
6777
6311
1833
9163
314
8971
2894
4742
-1
5384
5045
367
8264
8586
4883
434
-81
7989
4072
9226
1588
6695
6741
1135
7915
9186
-740
1602
1616
1719
9297
7240
3894
3861
5684
9639
2165
-321
-714
4444
4018
5944
7809
2002
7420
3589
-9
5205
6781
4813
6430
2444
416
7317
5636
-919
9570
-302
248
1129
8710
291
2125
8281
6088
7805
6473
3402
1902
5245
8269
-761
7703
9629
4208
5645
8887
3738
3716
3325
8195
4055
4821
6803
5289
5853
5823
6578
8225
5602
-932
1467
9432
8157
5734
2726
2818
9528
5915
9615
7116
6589
2303
535
6544
6191
4742
788
2109
9992
195
4832
5983
6923
2934
3655
5470
5323
1992
-766
982
9896
5177
6300
5177
5802
-192
9546
2894
482
1826
9359
7823
4102
6210
605
751
3286
-742
9099
110
4035
3469
8234
4406
4237
5485
1508
4223
1079
7256
7496
6536
5680
7633
7220
411
6003
5359
-258
5382
5197
7895
626
7165
837
7009
880
-287
1329
1903
1184
5064
2894
9124
6947
5427
6944
894
-61
-683
8301
4322
815
3226
4331
1823
1142
6470
8990
-807
4748
7927
9517
2716
4914
6140
1842
68
2568
7229
3604
795
1894
9176
5071
1432
2641
6557
-315
793
3468
4109
4420
-575
7081
-126
6080
7401
1834
9015
4866
4411
723
1135
7155
3258
5547
-823
3210
-193
2585
5876
8326
2711
5713
6506
1428
1639
8156
1898
9182
4586
5784
7197
5726
-361
2507
9092
5635
4039
-940
4442
8234
3554
1363
9193
-929
-241
1020
813
5885
2464
2346
9879
8209
7593
5783
708
3712
-425
8446
3440
9245
9937
9833
-721
8627
3526
5409
6516
-249
6456
3542
9171
-254
8143
7642
3771
348
6521
6434
669
-382
6343
6014
5717
1240
5906
8989
8134
3856
798
4380
5060
5594
5620
5197
8298
3722
1083
-434
5545
4350
4505
61
9429
8922
3176
9132
-935
9951
1011
-640
7192
3141
6777
2822
1902
2922
3115
8040
1721
4538
7275
1659
8954
1076
8483
2577
4126
1946
9345
-951
9265
5955
-111
6319
5114
5281
6585
6795
8064
6774
8924
8184
1845
437
7189
918
8817
1798
2294
4375
-394
3044
7845
7
7075
1845
1108
7353
-561
-402
4006
7119
-395
961
96
236
2252
-543
7708
6622
6338
6320
9976
4947
5615
9092
9815
7516
3887
6564
3760
1328
9652
3969
9444
5220
8110
9883
9244
2269
3172
9232
6356
7466
1768
804
7578
-117
-660
5952
8667
8360
4090
5673
8038
3286
3068
1898
4392
7984
2031
3593
2466
2875
5839
1677
7468
5636
1517
4876
2127
2370
213
4439
2449
7106
9965
1510
2178
3811
513
8931
7175
7936
7898
5401
7238
2978
5932
5158
1152
5211
4490
260
-763
9580
5766
2480
627
-910
3337
941
8367
4465
2824
5296
7146
9652
2224
-68
3321
558
9720
-419
6470
3101
6418
4530
4978
-563
4440
3489
9705
6360
2724
6917
7880
9953
4201
2869
339
6484
-117
2087
-527
9573
-436
1710
4111
1601
8255
7587
-246
5000
836
-407
5491
3909
3790
6137
2162
235
7503
189
4651
9849
1237
1006
740
5908
7417
7194
4450
9355
9593
6838
-326
6633
-893
6898
2537
3707
-582
2376
1183
6853
2734
3705
4523
2130
425
2971
5162
8065
-293
-896
8982
9695
7436
-375
7335
8558
-31
8204
4185
61
2137
399
5407
3999
9919
8859
3801
6893
2600
8455
-184
4126
9007
7798
6114
7532
6484
8610
4483
3445
1031
6385
8648
9489
7857
-20
9197
9483
9563
3980
2738
1215
8192
122
3716
1335
8298
-476
2212
1567
9170
8270
4465
1252
9288
3855
-312
9639
3512
9804
1073
1359
2721
-261
9030
5752
1751
5919
6143
8939
9662
4319
7330
8621
4717
8602
5935
7884
3081
3779
9234
5960
5398
1916
4276
2761
920
6396
-800
3001
-708
9559
4971
9760
1906
378
8495
7453
1092
7965
9584
1378
3381
3273
1905
3851
-61
5845
6536
-314
7920
1804
5557
9734
-431
5114
5962
-196
5464
5269
3832
5356
5718
2141
8646
-897
9349
7571
5714
3338
-894
8483
5792
5117
4195
6856
1578
1124
-990
-576
1822
5075
9860
9515
5082
7489
3001
5237
9191
6792
4417
7690
988
5823
3133
3227
5660
240
4628
1801
4503
2369
-870
2197
-421
9438
6012
-561
4538
2714
2536
3837
-207
5040
2446
8757
5497
6204
7060
157
6102
3111
8380
8923
8922
1416
6494
9970
984
-33
195
337
6497
7210
4921
9453
4945
6662
8936
5644
477
2562
-301
5477
3256
-421
6896
5949
2377
4376
7731
9457
3181
3470
5700
392
3989
208
3275
8163
1943
6043
8456
3571
1519
1198
7340
2584
-882
2994
2812
8835
7268
415
9681
2540
2412
1903
4666
8343
4520
-456
6592
6608
2236
738
7157
2027
509
3529
4464
3736
2386
-228
2700
4434
4106
6128
2958
1057
2240
3312
5831
9383
564
8897
1188
1765
3790
2159
7981
1086
5542
4933
2642
1399
9451
847
334
-220
4041
4313
1074
5590
8530
9076
5448
6496
7715
4246
8435
6284
8946
2608
5102
208
3714
7210
5044
3340
9550
4392
8238
8351
5548
2377
8194
7454
7130
301
4984
2258
4793
2177
7017
7927
1237
-759
-147
1488
2449
4693
4050
9544
3725
696
2141
1934
9831
1434
7686
1241
5804
6995
231
9650
6075
2724
-959
5152
-118
7995
9367
6414
9262
5176
490
5768
5592
7175
8972
3472
6356
2556
-109
3857
-659
8694
3625
3851
-764
5260
7623
4696
2616
2743
6455
7798
946
7367
852
8513
-801
4701
606
4454
5327
7637
-719
8550
-794
6373
6342
1656
2462
3213
4885
2248
6104
6374
9309
7382
9100
5190
4915
4622
-628
3670
2797
5519
8722
2692
3822
8226
5323
-541
3272
655
950
5437
8530
1704
8413
5076
3645
2864
8919
4967
1233
9403
7859
3207
694
4572
8058
3470
9414
4010
9786
5984
4082
656
3839
3763
9828
6514
1551
8116
6333
2003
9941
3229
298
-333
7844
6605
8969
3023
544
1051
5704
4406
1437
3394
7661
4515
998
9250
-833
852
45
9263
870
4966
354
6874
7865
3650
5248
7132
313
-198
8634
9231
9463
3629
1908
27
6728
453
4502
5390
2465
7734
-721
9677
9220
-556
6102
4313
4516
2301
7948
4480
957
-323
1359
5332
9313
-30
8740
4319
7776
3413
-262
4902
5772
2206
3932
3031
1606
-29
1522
8715
6351
4655
5798
3136
4687
678
7654
7420
7548
-66
1615
8012
1854
3154
7273
8785
1270
6577
714
5758
1714
-818
7615
9052
6996
4377
2905
6013
5513
2071
1707
3544
-221
9234
8129
6303
3880
8223
-356
7635
2316
319
6771
6841
798
1726
2048
1617
4934
5147
761
5029
9257
5765
6000
6168
7041
6746
6140
-691
7773
641
907
4477
8228
8071
7232
2620
5025
-30
3905
3047
5933
3080
2441
394
2412
-226
7254
4270
1329
287
78
-635
309
6679
4288
4015
2233
961
9262
7134
1082
-666
9862
675
9413
1294
8614
2727
4494
9428
6593
3964
242
7714
9097
5177
2323
4606
2756
6266
9493
870
7980
6486
-438
541
3167
548
2783
2217
-614
3064
708
6771
964
5598
3219
766
982
118
1160
3527
9776
1902
3695
6114
9124
2596
7583
9112
691
7628
8205
1995
7642
-788
1354
2376
112
7872
8127
7065
9944
1277
9041
2528
2256
3471
5749
2498
957
557
2624
1638
4106
4965
1095
5078
1790
3448
1417
-430
2966
3672
525
1759
4859
8713
9130
752
3243
-158
-347
3110
1991
4096
3583
7498
2861
167
2858
4652
6847
4084
7154
-866
4003
5567
7890
1676
8117
6277
-415
6664
5454
7556
3099
5272
-248
6281
7669
3544
4342
3997
9256
115
-97
9514
9647
-991
382
3598
1216
623
-410
6765
2724
8883
6518
390
7756
9292
-178
6454
2635
6966
-743
2989
7657
4435
-3
8312
6746
6580
2498
9315
-690
1850
4828
6039
9232
4490
5921
7881
294
3519
4060
8963
6074
8689
3832
4216
8754
9362
8526
8378
2721
7889
361
1289
-142
6914
857
4211
9013
2070
6852
4636
8126
275
6455
-127
3054
-521
1159
2266
2371
1942
5159
9117
1906
294
6916
8969
-397
5781
9559
7384
8055
4121
5593
1422
489
2539
5181
1317
2633
709
8868
8224
6667
9424
-163
4798
1233
2959
162
8274
7202
5260
5006
-221
1729
1244
9384
9564
9999
1888
3608
2231
2512
9468
6582
3004
4682
4033
9384
-485
4299
9843
9633
662
3074
6936
1449
2482
-543
1117
6735
6644
4618
284
-818
1795
9115
4814
9693
9246
3155
5617
1319
-256
7102
5636
4712
7200
1842
6833
-885
7201
3576
-353
2975
7360
5627
3344
6705
4794
9796
5902
9106
7881
5154
6964
7614
1227
9286
3786
3890
9869
4340
-863
6360
8682
7524
8889
3561
7438
1223
4250
-361
2625
1001
9534
2068
3971
7309
1823
6169
4771
8109
3899
9451
7254
6512
3438
4590
-863
8023
2484
7914
8056
1943
-753
1861
3438
3287
4293
9837
6738
9784
9268
2570
4545
5262
5481
5879
5620
3896
2642
3918
6463
7618
9119
759
-560
-313
9107
1170
3085
3298
3423
9415
8740
6336
1584
-318
754
6673
8630
-316
2016
1986
9431
4988
8842
329
3905
992
30
7559
8971
5241
4381
8566
451
-562
2824
8489
1421
2751
4181
2123
5751
2440
5360
9853
3831
8210
2678
4799
4125
8948
5267
1958
902
3476
8187
3131
1917
9111
5783
7115
139
5526
4328
8183
4034
-827
4884
1145
6858
2265
4252
4879
5504
9893
6236
5991
9628
8990
6499
5695
8315
5232
2433
-978
9974
1423
6663
6976
1251
9693
5571
2310
6968
7067
983
-776
8112
7177
4818
3657
2325
532
7941
860
3695
-612
6454
1009
7241
1196
3503
2927
1611
-913
8801
4907
2092
4305
8209
1611
2510
7909
9895
7165
6694
942
7911
8438
7909
6011
7879
1451
3171
1842
2370
6782
7292
573
5328
9586
4969
4653
9735
-945
5190
1644
-302
6881
8267
6077
7133
2807
8968
2207
146
4416
637
-225
4166
1753
1478
8017
3100
229
3317
1052
9757
9770
6718
1018
7616
519
8978
8624
6642
7857
8174
9840
975
4050
243
29
-829
832
8879
4072
2483
-37
695
7954
5144
6517
6408
2574
7107
6952
553
8505
5738
3138
1887
-72
-838
6248
8462
5614
3830
-656
5566
2289
6242
798
8800
-884
510
448
7846
1268
1351
9246
8569
8793
8075
8765
5874
98
4112
5404
516
9690
6304
9669
3101
7838
1162
-685
-133
2923
2371
2264
-758
2138
4398
8406
711
3346
7717
6291
1064
5659
9107
9285
6154
6493
4569
3095
1854
398
-626
7363
502
8427
8828
5876
5986
6573
7698
-38
7954
195
-419
3923
8897
9087
9004
5430
3395
9669
7054
1528
2381
7821
3339
4857
-417
7019
2515
6608
2268
8068
7461
9470
2548
5009
762
815
3311
8522
1420
4138
5648
6755
8338
-131
5078
4183
-612
7067
7490
9139
9701
2185
3345
7847
3981
2681
4087
2970
5293
8967
3058
89
7694
9887
2734
112
374
2888
7324
7188
1119
4873
7249
1915
5880
5627
9483
2470
9780
5400
6631
5449
9119
3130
8367
4276
5124
4702
27
8082
6729
-660
2228
2453
80
4559
9061
8452
7135
3966
2809
6501
9743
-699
7019
3827
4936
429
966
8355
3199
616
3191
9894
1336
7609
970
3564
519
8458
4988
5672
1860
9243
-542
779
1645
3795
835
320
6566
31
5336
4814
1591
-871
5707
8818
6111
3540
9340
3695
2735
1673
3883
5113
6149
2335
117
2471
2589
4497
6932
8678
8979
7137
3640
-501
9843
5239
1182
140
9594
-355
789
2167
5281
8378
7303
1206
902
2153
7453
6979
9118
292
1936
-813
4360
4346
4630
9311
2678
8364
7732
1068
3100
6658
5836
4454
5489
5207
8975
-129
1358
8199
4101
2089
-117
715
9833
7772
5032
8912
569
-565
7045
9953
9560
7686
4200
3453
5139
4497
-391
1872
7463
230
1914
9721
9068
8623
1542
1848
5717
5695
3179
6581
4621
-81
6192
9847
9304
2645
4513
6859
3278
3766
6795
7297
4023
3147
7099
8150
-747
1036
-932
3477
-738
9487
-264
2871
-825
163
1648
209
5230
2184
2194
4874
6257
-537
4332
8641
494
4353
4149
1494
9984
2750
8595
2696
3435
4618
4697
4920
523
3392
1594
3680
5627
9702
6318
5135
-818
2320
9672
8141
-4
3304
628
94
572
920
39
3559
8815
8459
6656
4901
6887
7574
3493
6513
-108
7040
9436
4558
5466
6729
9687
838
-411
8515
9248
6555
3145
9198
8458
8174
4682
6009
498
5680
1121
7500
1124
1515
3578
138
6105
2065
6737
6694
6794
8053
5209
9806
4243
2142
2885
4113
1675
3268
3617
9791
-496
2058
1672
3484
-587
9618
-999
8482
-782
-123
6076
7813
4391
2392
4916
6920
-20
4328
-377
6621
4101
2895
720
195
346
3340
3955
5315
4289
-431
3334
7231
1062
1330
6996
9067
9844
-906
-276
6488
2064
8255
6475
5916
977
7396
4415
850
7227
5965
3133
7347
2644
6997
4690
6609
337
477
2137
6074
4663
3686
3192
9650
6544
8846
5750
2060
5396
5849
7077
-114
3604
3136
3557
5847
6421
4805
9218
2951
8925
2104
8088
8325
6436
5987
3586
4066
6641
-614
7730
8366
6957
3650
824
8378
4062
6825
9373
2132
645
1354
5454
377
8888
2247
2743
9509
2439
8843
-812
5533
1259
9187
7150
1559
5598
4868
2214
-444
4259
684
5420
5010
8120
8712
2929
9955
1311
5180
784
9596
5433
6086
1305
6571
6650
6710
9438
3189
2243
4077
627
7799
-803
1196
6106
7770
6501
9265
1779
9195
3611
8816
7873
9962
5935
-556
2258
-825
9318
2789
7197
7259
7059
-408
-900
5173
6882
-422
4910
8888
5430
9025
7314
-818
-944
7622
4813
5924
1605
5160
2453
2047
2400
1589
4985
6618
8214
1344
-364
6205
3452
9262
3872
9455
6880
3368
-261
9605
1096
-68
-112
5922
3355
2891
2765
4586
502
7690
9905
8313
4631
6335
7570
3158
-665
4150
3859
4469
4608
2483
6960
4537
9943
8705
4435
6168
4153
7859
2302
5688
6882
5208
3827
672
4271
6532
8692
9509
8825
-602
5116
-476
1439
1323
573
7118
691
-287
9119
1729
9510
5271
3997
8614
2973
5351
5979
4650
8457
6597
-567
2643
4387
3217
431
9424
1507
5898
8887
2804
5458
4350
5644
4209
7368
6436
2098
7620
7131
7318
4476
3439
8741
-428
6179
610
211
5213
7700
8920
-448
3042
52
1227
9966
1473
5137
8223
-109
1150
4611
4794
827
5315
6272
4159
9627
9788
246
6538
2253
8360
7519
138
1121
5994
3902
3815
7038
9821
8212
6294
8198
9967
2251
1416
3298
3417
4244
4894
299
3876
6728
4981
1706
9682
1612
2426
3301
1019
983
424
3967
162
5667
1193
5523
9914
-894
2971
7571
321
184
70
2938
8317
6597
861
2063
3855
-139
5210
4543
5352
5239
8378
631
1538
8433
1439
3382
476
-487
5018
7837
6788
1327
7036
3300
58
5893
3384
3310
272
7324
9978
2691
5657
1042
3390
2085
-249
-638
9446
158
5774
5881
8615
4924
7290
-439
2985
481
7668
9590
6095
-192
5167
2233
6150
5990
9561
7562
1005
7963
6477
899
3271
8029
5261
4687
4974
-505
4043
9354
2631
113
67
3860
1063
-93
2712
1112
6010
-503
1907
1903
5643
682
228
9169
7525
2424
4892
7400
2525
2189
8358
483
3682
3874
1609
-414
9663
1602
4587
2489
6439
8314
5959
4982
9741
307
170
5243
2277
7449
551
508
5055
3574
5257
1588
6800
6092
7163
1550
4603
6643
5829
-559
1756
9585
-823
7189
8298
2125
1450
3407
4910
9419
5465
7330
4724
5247
9429
6218
1253
9650
4123
5077
638
6849
5428
-893
8618
-980
2787
2570
4440
2036
7887
9797
1484
5517
2226
-844
129
2981
6945
-849
4998
7144
5598
5637
8109
7928
6864
552
6664
-56
-704
4953
1519
-248
8803
4907
3156
-930
8571
8277
9339
8881
8968
1873
531
5668
4845
9208
2021
9273
5089
8273
1704
3971
-922
3495
250
9792
999
-310
2156
1234
5906
3495
1739
1933
7277
732
6714
7319
6000
59
4410
8668
-187
6118
8177
2724
4105
1441
2082
7657
8532
7392
4856
1024
2249
7549
-326
4308
3656
3365
8072
7881
5120
7104
1974
4472
-866
8599
8392
3112
1493
4702
2272
4030
2862
3037
3158
2960
5319
7527
4686
9558
7608
4500
2703
8515
8640
-285
9685
9728
57
1406
2663
1634
1987
6530
2547
2709
3144
2705
2590
5507
3049
8971
5164
2829
4119
-174
8163
9213
3390
6714
8989
6130
8680
8514
-728
-380
3401
3460
5833
9420
8914
8664
2054
-914
1039
-362
1042
6332
-511
-551
9817
1614
3936
9179
5509
8638
9337
9875
3395
7813
1552
-528
5338
3344
2418
6534
2955
3474
6258
1927
9308
9685
6873
3171
6594
4385
5916
5077
789
3481
8785
831
8723
2941
6898
6375
1193
9501
2004
634
284
3526
-936
8020
6867
8442
2326
8711
6669
4506
6683
7568
-927
7562
141
-868
4742
-236
1585
124
1722
3259
8085
9915
9028
-279
749
1396
6446
6043
4340
3454
470
4624
642
4781
9620
8853
6305
8152
1059
7205
8408
6284
6798
217
757
161
1799
6766
633
428
6915
880
8913
7025
5442
-850
8993
6146
6692
-71
1265
-374
-834
2229
6097
4450
5919
5361
-488
5890
3460
3433
9066
4518
4852
801
2117
7810
8964
-412
9598
9681
4410
2911
6539
9591
5712
3618
9340
9470
9860
-842
459
129
4940
7782
6118
3569
4121
6308
4242
6439
6253
4743
6969
2482
1815
3394
1173
3640
7033
183
7183
6104
332
1584
5216
6255
5690
6507
8739
1301
6021
43
6030
3301
1974
7936
9578
7070
4684
8548
2689
1656
5346
2158
2428
9667
5943
3057
6776
1317
1444
4700
1436
8677
1976
4356
9797
2355
1566
9863
7880
7615
7569
1940
-582
5209
8714
2667
-493
3879
3817
4103
8956
8486
7495
4527
-243
8174
9157
5549
-688
1632
9731
6422
9858
320
8608
7354
325
7618
8139
6222
4504
4822
-332
5074
4087
2406
1740
7219
-47
2276
2549
1896
7501
7341
5744
2951
182
7450
3598
623
3199
6017
9551
5247
7884
147
2083
9098
6602
359
1341
1890
5740
7595
9600
3134
7817
1420
-561
7352
5433
937
4596
7036
9083
6835
8922
1516
4577
4657
6171
2875
3020
6516
2023
8488
5271
4422
7191
2939
-677
2643
-383
9594
-66
-341
6157
9906
7742
1610
5135
8763
7011
6246
5190
1262
421
1514
6165
49
1226
-434
3521
944
4189
8467
8870
9224
4572
111
7863
2394
4229
6500
7029
1789
319
5002
6102
8423
-323
9016
3774
1966
9523
7409
5865
6775
326
-239
7067
2757
8258
6142
713
9757
9123
8673
4405
1468
790
6933
4334
6630
3748
1740
3533
-490
9217
2400
-58
5419
5413
7742
-629
2210
5792
554
1422
6780
1601
1095
7898
3810
3045
4106
4137
8088
4786
7273
2667
1647
-403
3633
6633
2745
3682
7144
8218
6782
2876
5355
7558
7926
9819
647
7344
-485
5771
8504
2964
7569
6251
7626
9867
9696
9035
-477
2585
9643
7603
5445
4724
944
9734
8296
4822
779
109
6626
8529
8648
2336
4640
2903
6247
3537
9973
3992
1398
6762
3622
1317
6283
3308
5099
5396
1971
3766
6937
3710
3158
3559
8576
9180
7431
-370
5613
8192
523
5825
5565
9406
9145
9976
4317
4232
610
3722
2620
5158
9063
5532
187
1881
2981
3128
8442
7637
3635
1899
1850
7013
3173
1915
4371
4088
3761
5461
5473
5616
7925
780
2468
5573
196
4216
2172
6307
8991
-134
3785
8250
146
778
4648
7626
2372
5695
5199
3302
1189
7977
3557
8625
2975
8552
5233
6229
4605
-772
-529
5150
8249
7005
7234
7282
2064
4614
684
8765
-45
1134
8646
2768
8114
3601
5867
1394
7268
6745
716
8066
-739
1170
3427
9949
7223
3843
1598
1645
8983
5944
702
8763
-605
8636
-1000
3141
3545
7366
4562
7759
4011
6434
2347
-946
9331
-212
-490
9375
1685
2839
8962
7860
8513
1405
4889
6079
2577
7286
-942
8221
2016
9040
9783
4012
-569
9884
2373
9479
3600
1725
7850
9902
1182
2958
3055
2827
8824
3373
-383
6435
3333
2224
9960
5144
6982
2842
-750
7990
2747
2922
-436
6259
7307
6342
4742
4972
6652
8335
9623
9448
7416
32
4774
9960
4990
9061
5678
4554
8351
1061
7255
9205
6668
2624
3888
9793
9080
3639
7030
6589
9633
4383
5732
-323
1161
590
1594
4841
8216
8084
6176
-512
3750
170
9019
2301
7450
10000
-847
7922
7165
4696
9640
685
5668
359
9591
3683
1453
4950
5892
2013
305
2033
9815
2032
4300
4097
7799
3399
6466
-164
6339
-733
4886
6766
4454
5498
3605
587
1342
9080
3485
9109
9425
3937
4744
4046
4010
-199
1000
7912
2387
2265
1191
3162
9184
717
356
5986
8001
2353
1201
5755
455
6329
8358
9372
5800
8902
5906
3093
-923
-134
2607
6813
8529
1196
2609
4877
7289
-747
-914
6998
1399
8555
7449
3073
8076
723
7582
2737
4141
7619
2586
8990
6878
7731
7653
2096
5580
5372
8247
5108
3896
7907
7835
1521
9658
4379
4633
6987
8108
5479
8698
7747
2266
4204
3355
1901
8880
4284
296
4076
320
2168
8952
1458
7280
3618
9935
-202
3544
-487
9298
917
1007
3978
2101
3492
-281
4928
3415
2697
6091
-406
4630
8663
8922
4840
5723
1674
3375
4751
3216
296
4076
3170
3788
728
8956
5377
4241
5040
4445
3835
2443
7595
6182
6781
5739
8288
1102
9863
1182
2952
-132
7599
7986
-275
7539
-711
2536
1439
7895
7260
6423
8794
6297
8002
6841
7837
-810
373
4537
4343
-314
8376
8253
1255
7152
7035
1481
1140
9101
7436
-429
3512
2569
-737
-573
6477
5185
3063
3189
8667
1840
1801
7145
7185
7412
3650
297
8181
9940
7903
8098
-271
4325
6839
2266
1493
9347
5731
2574
-497
7809
395
2339
-541
6688
1910
5224
6033
7574
-636
1652
6128
7184
5871
1502
7885
230
67
3843
2502
5737
3300
1201
198
9339
9843
9188
5730
6998
7935
7130
9455
-512
2685
-142
445
9463
6686
-504
4501
8426
4265
-394
9576
5250
969
2545
8455
4337
4382
262
8280
887
-929
3767
3508
9195
1140
120
6846
2723
9495
9036
9640
2234
2197
5639
3498
5013
57
8422
3544
-429
9342
4076
472
2694
1625
4948
7369
6298
-267
393
1616
6672
8851
7568
-584
8919
6350
1250
7322
5565
2651
777
8932
5229
-34
6342
2053
5331
9047
2441
3279
5960
6719
7708
1545
4996
2294
-187
6569
6193
2752
-452
1990
8101
6419
1968
3383
4630
5222
4580
8663
8807
99
7979
6920
7564
5145
5243
1727
5284
1895
1037
7251
7292
7114
5656
9953
142
5022
4421
5625
5537
4681
129
1813
2102
8788
-170
8811
7999
1959
7423
-891
3467
3778
4472
4861
8740
-212
3981
9851
7051
8086
285
3297
714
2297
4699
-14
-237
2015
2240
9609
-200
8956
2126
3126
9970
5166
3818
8777
4315
6433
3729
2324
4473
928
2784
2514
1641
-205
213
-646
40
4571
8574
7451
3395
6832
98
9806
3088
9844
8047
4984
9720
7814
9309
4512
652
346
4891
2573
5971
5204
4535
-382
3357
7962
8825
9787
9513
1184
8346
9968
801
1885
8568
5229
-619
4676
9731
2138
4068
4012
4688
4471
8386
8745
2605
6659
1620
8273
862
295
4905
7640
3384
4836
-965
7955
3093
5434
8008
312
-708
903
498
8079
3182
6834
9247
3079
4130
5976
616
1753
8506
958
-484
-937
1232
4613
4356
1166
7166
240
-678
7051
4063
3162
8501
2731
5194
1426
582
3296
4130
2756
3719
2784
2973
-693
4563
5771
7413
8541
3143
4886
9679
2151
9135
1426
4320
9972
5723
8481
78
5842
3146
9053
581
3448
3016
-981
8334
5515
7886
1703
4394
7321
7623
4749
7239
6732
6091
925
-951
8585
3754
8626
7097
4437
7372
912
4028
6074
8411
5222
5704
2102
2217
8289
9611
4667
1203
9526
6292
4543
7438
897
-346
440
-509
1358
4529
3385
4187
7589
2881
3798
8432
1493
1088
4520
955
6144
6076
1103
4992
1259
7104
1664
5999
1292
4103
9334
5139
1572
4528
6565
4634
4506
146
1856
7971
5657
3945
5014
6383
-358
887
-179
1340
905
3671
-276
6201
4090
2711
5060
2449
4188
9552
5179
3793
7991
4441
8200
7255
5195
8246
1615
2061
6316
9165
2925
347
9232
6549
5299
1198
61
4720
4350
-628
6282
-677
4094
7621
3379
2133
48
8861
9468
3116
-555
4955
4968
8063
9981
215
5746
7759
188
1396
9272
7761
5025
1741
-255
9378
6969
7541
7412
2862
1387
9468
4202
4806
7512
7667
-654
-422
2876
2061
7198
2754
2594
2200
8719
7971
5379
169
6569
4083
5453
2303
3532
1953
100
8522
4299
1353
6876
4002
5164
2507
448
5605
728
-22
-247
-839
-449
1314
-132
5167
3882
8128
4199
5517
4166
1824
3022
1774
2998
5800
-28
2329
7410
9085
4936
1248
3706
8990
2367
7994
2703
8875
6898
3690
1306
6989
472
7741
7218
5217
-383
4255
3214
-715
8421
5405
7754
4584
3355
1474
8332
4101
3
9364
1535
8120
8196
1643
5043
8505
5456
561
8947
1875
1463
5008
229
-491
3211
7178
352
5281
4557
7782
5183
5718
9115
7124
-337
9531
3495
9122
4635
-108
9663
8602
7872
7534
1155
3186
8793
8829
1697
8714
9761
9056
5308
339
7822
2413
4175
7245
372
6177
122
2050
9545
2222
3181
5817
9005
71
979
5512
4010
6334
5927
8054
2212
2862
7136
2696
8355
-976
8385
1523
2584
5843
8021
6127
-590
7776
9302
7251
4356
6250
7750
8458
9771
6613
9057
4650
3352
5338
4182
7721
6849
6186
3704
2426
2129
7255
8127
3960
5277
478
8890
348
7793
8599
9467
2701
4201
7055
5407
228
770
3729
155
7760
8585
7470
8284
5600
3805
1486
9344
2016
4843
-336
4674
6398
1139
4595
2998
2155
9650
4342
973
2878
7361
6401
-335
171
7147
5355
-551
6298
9932
2953
5951
2119
5030
5944
3841
4659
8971
1526
-846
2791
1134
5874
5505
7129
2924
2068
562
9606
3057
2251
579
6428
1756
7278
-601
1183
6805
7112
8454
8451
1037
2046
2085
889
3713
1554
368
5195
-247
8339
3185
7123
4188
8182
743
486
-105
2537
7247
4078
3793
-157
2241
6680
1374
9524
-637
7752
5545
1657
7854
859
3073
704
754
9089
2789
3616
2415
369
700
5367
8853
4718
9067
3456
1240
3574
5535
8913
288
3268
9865
3375
3657
194
9806
5405
9516
4190
1191
2616
9651
8096
-516
1325
3050
2483
6428
1654
7698
6280
-879
5877
2378
8427
990
7524
7614
7918
7283
5789
1217
6633
369
3586
994
9698
7047
-441
9284
7384
4101
8226
9179
8084
5717
-244
4233
6741
-594
8757
7147
2880
215
4008
3147
2988
-4
5231
9204
1281
7791
597
6907
5403
398
2018
6726
5899
-669
3352
5436
5868
2371
-687
1179
895
6699
4294
1709
233
2290
-127
7512
8526
8643
8337
5417
6362
-561
8007
8701
816
355
7002
9594
2503
318
2775
6686
2699
3030
8335
6409
6054
2320
278
-491
-99
1829
1251
6289
5702
2521
7971
8992
6918
3086
8381
6761
2061
6601
-636
5459
1325
4651
3620
4512
5369
-280
8677
-424
2924
7609
9011
7203
3956
3464
457
5205
7364
7828
4515
3532
8189
717
1999
8295
2385
8011
1675
9417
1938
6015
3624
6098
2665
1875
4084
402
8700
5766
4140
-819
3152
674
2365
8094
3511
-233
4035
2454
1628
2175
9397
4234
1085
5832
7271
-393
1652
5326
1127
7359
8045
9260
7639
6909
2985
1913
3537
1081
9381
-946
6505
598
2687
4333
-620
6514
8353
3905
3784
1618
2976
9222
6789
9763
6618
9390
4012
6834
4604
3476
8751
2374
3639
6781
1137
3893
3035
5456
4108
597
6230
1953
3073
1573
5670
7798
546
6753
5452
-244
1255
7747
542
9509
3383
8824
1471
7877
-710
3595
7901
6704
6477
4904
304
3131
6960
5907
2196
5487
2478
1896
9798
2186
5388
22
5148
4215
3092
8821
7844
7260
381
3847
1221
3
831
4130
2398
2313
1422
5159
5165
-487
2697
9526
5476
8169
269
1539
-163
4640
3556
9966
7279
9359
7950
8357
3120
2361
2675
7257
3784
470
5752
-359
5323
1630
2683
-699
1300
1830
2508
9883
3065
7320
6731
9285
9490
5863
4546
6979
2946
553
7983
2203
2704
416
6569
1862
2053
2475
9
-963
9639
4165
375
3695
3761
2055
3203
2846
4486
-33
-762
8008
1131
3673
5900
9959
1627
8666
8868
7258
7815
5696
3311
2231
2488
2548
6937
3907
5061
-179
7248
8826
820
2471
-756
8900
5945
2036
4523
6434
1659
699
1493
1978
314
9975
72
9031
4516
6610
-766
3388
3607
2752
1222
2942
-146
8144
207
213
5119
9297
7786
3665
2719
413
6188
8661
3429
7001
3014
9592
3142
1433
4599
6115
3202
332
916
2513
1476
7907
9391
8451
-414
2860
4218
8068
248
6302
8045
7801
828
3310
315
2363
2914
7829
9260
9902
2786
1411
4602
7516
2595
-357
-755
1173
8154
5107
9740
9523
6228
7695
8737
7212
9906
9335
3078
9859
6195
8120
7412
7128
8956
5214
7763
9833
118
1235
2201
5374
1073
1014
9727
-936
2304
875
4855
9943
2615
2044
9915
5142
6562
8523
572
3134
4573
3103
2457
3579
3750
9401
2706
4667
4000
7475
8561
7382
1880
-588
55
5918
1906
3366
7449
4213
7968
8673
3907
8031
3480
3136
6243
3151
8205
1270
-435
-568
3642
3629
4259
7016
8779
8623
624
1673
8308
4060
5064
4830
2315
7474
7063
2202
989
2997
2236
2195
73
6359
5167
5901
9196
4427
-901
-386
2157
9556
6462
1730
6909
8128
2739
8252
5153
3040
7140
3283
1742
4776
5906
2907
2608
9078
4715
6006
6073
3040
1161
4208
9034
7371
9360
7283
8462
8359
7820
3351
8524
9
9516
8753
7599
2334
7922
4188
3734
8811
7050
7950
5858
8953
-547
5298
-547
1259
2292
-882
9713
3093
3541
9117
7394
1253
2696
9539
8768
5457
9790
6794
5220
2789
4760
732
5260
7153
5309
-726
155
-473
1272
7263
5991
3212
8351
-919
6917
3062
6829
6203
5067
7702
3638
4430
6469
-601
358
5345
9638
8384
5420
8278
9022
-745
1729
2068
3192
8721
-963
2300
5950
2018
8963
9185
821
6279
2125
3182
2903
2614
1621
4706
8628
2587
727
7519
9151
-670
4264
4861
5795
9965
-364
1772
4108
2995
8242
5736
482
5282
5890
8197
3025
3529
-748
2048
8740
4454
2609
-810
7274
7176
1442
6023
5763
-287
9650
5434
8528
4211
2918
2862
3457
4176
6506
5986
1382
6190
4077
7826
8037
6390
1699
7621
6725
3424
681
4099
2334
8680
8779
3696
6721
4074
7588
8619
7523
3613
6010
3394
3345
1807
7209
6272
1363
2028
3740
8849
7023
3267
-334
1549
-624
4783
1153
-116
4477
3821
9299
1338
9032
4550
2100
9849
5432
9222
6141
9384
6589
7887
8464
7770
-820
-318
3480
5230
9182
5428
5257
3697
9685
1833
7076
9067
8013
6230
3320
937
1920
6703
3142
2701
4315
3672
4363
8796
9708
7360
-161
2142
5887
4357
1260
9137
4804
1897
1369
9695
302
5923
703
9050
8565
4601
1653
6199
7474
3033
835
9203
4902
4203
6463
9886
3745
4762
2454
5508
5320
4685
5523
821
4588
2115
7810
4328
-427
7940
3262
5116
3861
3625
-366
5997
5000
4093
4136
9714
1018
8165
321
5674
5525
637
7240
683
7894
1374
4392
-959
9443
5861
3375
5618
-600
9882
3461
5450
6791
7326
5626
9535
9771
5719
4342
276
3569
-535
3885
9652
-374
2741
3490
7156
3364
9850
5296
2951
4875
6126
6434
8199
2548
3221
5674
8000
-750
4017
5597
5119
-368
8687
1922
3693
1538
787
5903
9807
6296
5963
7115
7429
7490
4740
9416
5701
1371
6220
1254
-449
3586
-491
-426
-336
-109
7427
5986
5550
-955
6342
26
9552
3869
8767
9020
939
-182
9797
4617
1576
2946
5490
6656
8913
9012
9006
-292
7808
3805
9973
5629
3031
1763
5045
533
-878
8113
1258
2802
4111
4801
-648
9762
9954
4937
7564
2560
8724
5720
7477
4883
1574
602
9678
6605
8096
2854
662
653
886
6719
8179
745
-928
-287
6995
6789
8824
7234
8898
2826
8561
5995
-495
6776
2594
5729
6702
2975
447
5446
985
1088
6328
4090
3054
1428
2085
8441
2437
6268
6450
-396
916
7393
6623
8607
9689
9241
7942
-226
3736
489
6823
3650
6322
5580
97
1901
3010
1367
6153
7687
-795
5440
4733
6090
4417
4983
6659
4567
3703
-618
3796
1629
6377
7957
4079
2112
-847
3987
6040
7461
5034
-327
709
-505
4266
1678
7768
7475
331
-816
4430
70
-885
8764
-602
5476
1660
-468
3190
3705
1582
2375
6072
3354
6694
4193
7274
8366
500
7985
1748
9023
5327
8692
1653
9533
3731
4237
824
1739
7216
9185
3235
3519
4952
2726
1513
7613
7558
8604
-548
9622
-203
1334
4879
1658
3601
7355
2802
-928
4404
9402
5974
2346
7437
5407
4744
424
6110
-135
744
7423
8709
450
6490
2397
9140
1552
8402
2968
1680
9661
-192
1897
7533
2126
8226
2992
2812
9995
4931
6376
435
751
7335
7815
2210
-111
6082
9545
7982
89
502
6692
6859
2029
-88
9347
4845
1481
2519
1048
8954
9835
7393
4744
8594
3076
4813
4310
7182
751
7612
6116
4934
4368
5988
6957
3116
8676
-813
8251
5471
8857
4986
590
8159
3116
5039
4504
1213
8879
8148
331
6476
2883
7423
600
3359
1591
9222
9134
5076
772
1363
6231
2477
4387
758
1490
6041
2956
5231
6169
1294
4268
5578
-904
3849
5802
6586
4477
8038
-691
2096
8304
2604
6281
9640
1051
6946
4388
2597
525
9455
53
2174
3698
6494
8756
8113
2771
1358
2548
8463
8258
2647
978
9037
1207
7305
7327
6752
7557
5006
3744
96
4767
8677
3060
2626
6197
4747
9707
4545
653
-641
3706
6715
240
1094
880
2603
5093
7689
2814
2119
4489
846
3839
4656
626
7244
7433
3747
9620
7636
5040
5519
4710
9958
7407
5022
2434
5129
916
8024
1651
8004
6809
7898
8942
4263
7797
-888
5425
3723
658
9869
1191
624
5607
2920
3837
8404
1000
8954
7315
4960
4925
3018
4319
8187
1004
283
3688
5859
-831
9965
5773
4790
-533
6485
4038
5941
5715
6363
9448
7320
8323
4896
5977
5172
3328
3085
3350
3486
184
4030
3129
1963
-291
6692
2078
2791
2579
-246
2258
6513
5425
9567
3554
694
3096
6402
157
9122
8883
7897
1689
4637
9506
9996
6638
-971
